0 0.505 0.09142857142857143 0.09857142857142859 0.09904761904761905
0 0.13071428571428573 0.4542857142857143 0.11000000000000001 0.14666666666666667
0 0.2792857142857143 0.1361904761904762 0.06142857142857143 0.06285714285714286
0 0.315 0.7780952380952382 0.05857142857142857 0.05523809523809524
0 0.7985714285714286 0.10761904761904763 0.07714285714285715 0.10476190476190476
0 0.5342857142857143 0.6352380952380953 0.06571428571428571 0.08571428571428572
0 0.8928571428571429 0.6447619047619048 0.054285714285714284 0.05523809523809524
0 0.6485714285714287 0.7238095238095238 0.045714285714285714 0.02666666666666667
0 0.7085714285714286 0.98 0.04857142857142857 0.03619047619047619
0 0.39 0.3171428571428571 0.05142857142857143 0.024761904761904763
0 0.7085714285714286 0.2923809523809524 0.04857142857142857 0.032380952380952385