0 0.36299999999999993 0.6173333333333333 0.19399999999999998 0.376
0 0.144 0.6053333333333333 0.164 0.2826666666666667
0 0.57 0.5626666666666666 0.16 0.304
0 0.738 0.6413333333333333 0.172 0.4186666666666667
0 0.9159999999999999 0.612 0.164 0.312
0 0.9219999999999999 0.08133333333333333 0.136 0.152
0 0.605 0.2573333333333333 0.15399999999999997 0.264
0 0.216 0.24399999999999997 0.12399999999999999 0.27466666666666667
0 0.34199999999999997 0.22133333333333333 0.11999999999999998 0.2613333333333333
0 0.702 0.05466666666666667 0.088 0.09866666666666667
0 0.481 0.2533333333333333 0.142 0.2613333333333333