0 0.03111111111111111 0.7725856697819314 0.057777777777777775 0.09345794392523364
0 0.12555555555555556 0.7772585669781932 0.09111111111111111 0.09657320872274143
0 0.22666666666666663 0.780373831775701 0.09333333333333334 0.09657320872274143
0 0.32111111111111107 0.8052959501557632 0.12222222222222222 0.09657320872274143
0 0.08666666666666667 0.6651090342679128 0.057777777777777775 0.0529595015576324
0 0.1811111111111111 0.6728971962616822 0.07777777777777778 0.08099688473520249
0 0.26222222222222225 0.6822429906542056 0.06666666666666667 0.08722741433021806
0 0.3533333333333333 0.6838006230529594 0.08 0.08411214953271028
0 0.45444444444444443 0.8161993769470405 0.09111111111111111 0.09345794392523364
0 0.53 0.7009345794392523 0.1622222222222222 0.12461059190031153
0 0.5655555555555556 0.8193146417445483 0.09111111111111111 0.06853582554517133
0 0.9577777777777777 0.8504672897196262 0.08 0.11838006230529595
0 0.9522222222222221 0.7149532710280374 0.07333333333333333 0.09034267912772585